296
393
584
948
949
1230
1343
1749
2640
2641
2668
2669
4578
2415140
2415159
2415186
61523
61549
61577
107984
107989
107995
150302
150319
150397
150444
150461
150493
150518
150541
285629
285772
285886
285967
285989
497964
497975
498003
498272
713276
713766
1159486
1159641
1159758
1159819
1159932
1160115
1591891
1591988
1592448
1592510
1592646
1592762
1592848
1592890
1592987
1593180
1593221
2415003
2414988
2414430
2414428
2413946
2413771
2412921
2412535
2412155
2412034
2412023
2411789
2411635
2411487
2411432
2411418
2411416
2411411
2411408
2411271
2411265
2411181
2411138
2411129
2411119
2411113
2411015
2410914
2410899
2410824
2410822
2410712
2410697
2410678
2410667
2410571
2410563
2410525
2410382
2410330
2410278
2410268
2410233
2410222
2410159
2410134
2410093
2410082
2410080
2410007
2410000
2409932
2409918
2409862
2409785
2409676
2409659
2409623
2409615
2409605
2409502
2409487
2409475
2409455
2409356
2409350
2409236
2409184
2409166
2409165
2409162
2409132
2409039
2409035
2409027
2408645
2408682
2408749
2408822
2408989
2408994
2408593
2408588
2408566
2408538
2408428
2408390
2408367
2408305
2408235
2408116
2408113
2408101
2407960
2407952
2407946
2407868
2407845
2407838
2407826
2407755
2407724
2407379
2407373
2407356
2407260
2407256
2407231
2407204
2407199
2407106
2407090
2406847
2406775
2406772
2406769
2406716
2406679
2406662
2406654
2406644
2406632
2406626
2406618
2406565
2406388
2406367
2406346
2406344
2406282
2406242
2406239
2406200
2406099
2405972
2405966
2405961
2405956
2405924
2405904
2405770
2405766
2405705
2405651
2405545
2405531
2405514
2405505
2405497
2405377
2405349
2405344
2405213
2405200
2405183
2405133
2405070
2405044
2405035
2404995
2404885
2404756
2404751
2404731
2404606
2404605
2404600
2404578
2404573
2404465
2404378
2404329
2404325
2404307
2404249
2404203
2404176
2404157
2404116
2404114
2403842
2403841
2403809
2403676
2403584
2403539
2403431
2403384
2403380
2403377
2403308
2403246
2403196
2403129
2403089
2403034
2402997
2402955
2402953
2402848
2402846
2402783
2402525
2402498
2402439
2402404
2402366
2402224
2402182
2402136
2402129
2402113
2402001
2401969
2401814
2401680
2401590
2401553
2401454
2401449
2401425
2401337
2401203
2401190
2401167
2401155
2401151
2401144
2401143
2401125
2401060
2401018
2400890
2400883
2400851
2400844
2400830
2400772
2400634
2400590
2400557
2400440
2400415
2400392
2400387
2400344
2400170
2400162
2400148
2400129
2400106
2400100
2400082
2400045
2400005
2400000
2399874
2399843
2399639
2399591
2399585
2399580
2399433
2399405
2399309
2399299
2399260
2399188
2399151
2399094
2398944
2398879
2398863
2398853
2398713
2398705
2398681
2398547
2398479
2398420
2398411
2398367
2398304
2398286
2398270
2398181
2398134
2398119
2398103
2397946
2397895
2397885
2397876
2397851
2397839
2397822
2397811
2397810
2397803
2397781
2397669
2397649
2397629
2397545
2397540
2397519
2397493
2397398
2397353
2397332
2397271
2397214
2397140
2397114
2397082
2397062
2397044
2396936
2396908
2396857
2396837
2396816
2396807
2396665
2396542
2396523
2396517
2396515
2396388
2396377
2396289
2396261
2396210
2396154
2396114
2396105
2396099
2396076
2396026
2395987
2395807
2395794
2395782
2395664
2395660
2395638
2395560
2395535
2395452
2395435
2395429
2395401
2395332
2395259
2395235
2395131
2395085
2395036
2395028
2395000
2394833
2394819
2394809
2394724
2394294
2394285
2394259
2394129
2394121
2394035
2393996
2393913
2393743
2393705
2393691
2393676
2393559
2393532
2393531
2393512
2393488
2393344
2393334
2393293
2393252
2393245
2393229
2393185
2393092
2393046
2393045
2392969
2392899
2392877
2392716
2392702
2392614
2392463
2392422
2392375
2392333
2392283
2392215
2392077
2392070
2392024
2391931
2391818
2391738
2391708
2391703
2391626
2391447
2391426
2391382
2391357
2391353
2391332
2391311
2391304
2391202
2391170
2391078
2391039
2390959
2390908
2390897
2390875
2390722
2390717
2390709
2390704
2390624
2390622
2390430
2390423
2390406
2390257
2390241
2390131
2390125
2390122
2390113
2390109
2389930
2389859
2389832
2389830
2389813
2389809
2389559
2389523
2389513
2389470
2389269
2389238
2389223
2389134
2388993
2388959
2388942
2388833
2388795
2388700
2388535
2388515
2388508
2388457
2388398
2388281
2388257
2388236
2388232
2388120
2388059
2388022
2387971
2387969
2387867
2387852
2387842
2387825
2387819
2387785
2387783
2387689
2387643
2387552
2387545
2387521
2387462
2387386
2387372
2387367
2387281
2387225
2387165
2386941
2386936
2386846
2386828
2386792
2386736
2386693
2386691
2386681
2386634
2386633
2386629
2386624
2386514
2386436
2386410
2386298
2386290
2386196
2386170
2386097
2386094
2386072
2385835
2385657
2385655
2385500
2385390
2385256
2385255
2385232
2385193
2385181
2384949
2384914
2384899
2384892
2384792
2384791
2384631
2384622
2384496
2384488
2384470
2384401
2384340
2384331
2384324
2384309
2384287
2384165
2384155
2384045
2384023
2384009
2383862
2383859
2383821
2383637
2383606
2383526
2383493
2383474
2383437
2383421
2383419
2383283
2383130
2383001
2382987
2382930
2382852
2382828
2382782
2382760
2382738
2382721
2382617
2382561
2382467
2382443
2382323
2382290
2382198
2382146
2382089
2382067
2382062
2382001
2381998
2381996
2381976
2381835
2381711
2381672
2381389
2381291
2381149
2381109
2380976
2380972
2380881
2380878
2380867
2380857
2380823
2380795
2380772
2380763
2380734
2380712
2380692
2380568
2380531
2380426
2380414
2380408
2380376
2380333
2380288
2380268
2380236
2380229
2380106
2380096
2380068
2379981
2379920
2379872
2379870
2379792
2379785
2379780
2379698
2379659
2379423
2379406
2379385
2379377
2379372
2379365
2379296
2379236
2379139
2379109
2379104
2379101
2379098
2379064
2378969
2378952
2378929
2378867
2378795
2378794
2378668
2378648
2378632
2378567
2378541
2378513
2378494
2378479
2378465
2378400
2378362
2378354
2378318
2378171
2378099
2378084
2378080
2377999
2377973
2377965
2377955
2377924
2377891
2377890
2377889
2377837
2377780
2377775
2377738
2377655
2377634
2377602
2377449
2377423
2377398
2377311
2377295
2377282
2377240
2377164
2377015
2376992
2376945
2376931
2376891
2376886
2376880
2376876
2376750
2376731
2376694
2376640
2376629
2376602
2376599
2376463
2376416
2376374
2376253
2376204
2376200
2376196
2376174
2376168
2376160
2376067
2376048
2376020
2376012
2375940
2375935
2375918
2375795
2375779
2375776
2375770
2375673
2375645
2375642
2375596
2375532
2375522
2375492
2375445
2375401
2375400
2375381
2375377
2375368
2375343
2375341
2375282
2375226
2375173
2375083
2375051
2375003
2374993
2374983
2374949
2374861
2374679
2374669
2374665
2374624
2374531
2374485
2374479
2374464
2374421
2374342
2374269
2374256
2374249
2374242
2374225
2374221
2374177
2374069
2374037
2374036
2373919
2373841
2373821
2373804
2373764
2373648
2373524
2373501
2373395
2373393
2373387
2373354
2373350
2373232
2373200
2373181
2373176
2373070
2372997
2372909
2372896
2372864
2372845
2372794
2372784
2372760
2372757
2372686
2372677
2372609
2372497
2372416
2372337
2372301
2372244
2372206
2372203
2372199
2372175
2372083
2372043
2372017
2371980
2371931
2371920
2371873
2371848
2371650
2371629
2371610
2371595
2371541
2371467
2371462
2371450
2371377
2371373
2371350
2371319
2371305
2371245
2371244
2371198
2371158
2371143
2371117
2371006
2370937
2370927
2370901
2370890
2370874
2370849
2370835
2370782
2370760
2370603
2370594
2370562
2370541
2370462
2370434
2370419
2370371
2370319
2370294
2370171
2370096
2369957
2369929
2369835
2369816
2369653
2369565
2369548
2369547
2369526
2369494
2369467
2369445
2369346
2369339
2369249
2369234
2369229
2369108
2369106
2369090
2369029
2368929
2368879
2368833
2368810
2368801
2368799
2368765
2368756
2368741
2368708
2368662
2368657
2368623
2368572
2368496
2368477
2368401
2368375
2368363
2368338
2368324
2368283
2368270
2368222
2368141
2368074
2367938
2367936
2367922
2367660
2367645
2367626
2367564
2367542
2367532
2367529
2367501
2367450
2367399
2367392
2367381
2367359
2367345
2367217
2367194
2367125
2367105
2367093
2367061
2367057
2367055
2367045
2367044
2366984
2366964
2366768
2366765
2366752
2366751
2366748
2366587
2366524
2366512
2366505
2366448
2366402
2366372
2366335
2366332
2366253
2366185
2366178
2366131
2366091
2366085
2365928
2365920
2365875
2365859
2365846
2365840
2365811
2365535
2365370
2365358
2365327
2365309
2365225
2365212
2365208
2365195
2365190
2365071
2364986
2364948
2364943
2364942
2364926
2364780
2364749
2364645
2364596
2364549
2364495
2364490
2364478
2364465
2364462
2364368
2364322
2364317
2364204
2364128
2364105
2364061
2364014
2364012
2363866
2363823
2363734
2363646
2363600
2363581
2363464
2363383
2363362
2363320
2363224
2363165
2363140
2363086
2363048
2363030
2362959
2362933
2362930
2362727
2362639
2362512
2362471
2362221
2362207
2362198
2362170
2362157
2362061
2362060
2362021
2362015
2361996
2361910
2361905
2361823
2361766
2361709
2361663
2361644
2361624
2361596
2361591
2361469
2361463
2361449
2361363
2361255
2361196
2361081
2361037
2361025
2361003
2360994
2360976
2360974
2360957
2360833
2360820
2360812
2360726
2360706
2360703
2360693
2360676
2360672
2360560
2360558
2360543
2360527
2360511
2360477
2360472
2360402
2360347
2360342
2360303
2360276
2360217
2360160
2360159
2360074
2359997
2359990
2359975
2359974
2359908
2359851
2359836
2359796
2359795
2359781
2359777
2359724
2359666
2359653
2359645
2359626
2359607
2359573
2359540
2359477
2359471
2359470
2359453
2359449
2359344
2359215
2359206
2359121
2359118
2359111
2359064
2359046
2359031
2359014
2358987
2358802
2358692
2358691
2358653
2358580
2358518
2358303
2358287
2358066
2358049
2357957
2357943
2357822
2357811
2357794
2357773
2357772
2357759
2357696
2357617
2357581
2357525
2357509
2357385
2357364
2357337
2357324
2357285
2357184
2357169
2357155
2357059
2357053
2356946
2356927
2356825
2356767
2356734
2356664
2356600
2356594
2356445
2356273
2356187
2356175
2356065
2356063
2356062
2356057
2356050
2356040
2356021
2355939
2355910
2355909
2355908
2355887
2355797
2355757
2355722
2355603
2355581
2355515
2355513
2355500
2355456
2355435
2355343
2355289
2355211
2355053
2355037
2354980
2354966
2354911
2354890
2354874
2354814
2354808
2354787
2354768
2354753
2354740
2354731
2354608
2354553
2354489
2354387
2354318
2354315
2354261
2354227
2354113
2354109
2354020
2354002
2353969
2353949
2353944
2353932
2353874
2353795
2353690
2353689
2353684
2353667
2353630
2353481
2353407
2353389
2353329
2353231
2353224
2353223
2353218
2353067
2353045
2352936
2352914
2352777
2352765
2352762
2352707
2352628
2352565
2352550
2352549
2352488
2352479
2352362
2352231
2352228
2352199
2352180
2352153
2352123
2352110
2352089
2352066
2352037
2351912
2351911
2351904
2351902
2351891
2351788
2351774
2351768
2351747
2351737
2351718
2351465
2351451
2351435
2351424
2351421
2351399
2351344
2351299
2351272
2351225
2351132
2351120
2350932
2350841
2350836
2350823
2350791
2350783
2350674
2350624
2350569
2350542
2350501
2350498
2350449
2350444
2350348
2350345
2350307
2350074
2350059
2350057
2350036
2349945
2349913
2349869
2349825
2349821
2349807
2349804
2349795
2349768
2349693
2349674
2349636
2349611
2349598
2349580
2349531
2349523
2349504
2349487
2349374
2349373
2349342
2349277
2349242
2349051
2349016
2348974
2348931
2348908
2348815
2348759
2348655
2348633
2348497
2348466
2348343
2348230
2348206
2348188
2348171
2348163
2348151
2348147
2348019
2347999
2347940
2347877
2347871
2347861
2347832
2347777
2347740
2347707
2347697
2347595
2347554
2347514
2347466
2347442
2347392
2347279
2347264
2347149
2347144
2347139
2347099
2347089
2347075
2347024
2346976
2346823
2346785
2346735
2346721
2346539
2346466
2346327
2346284
2346272
2346129
2346127
2346037
2346014
2346006
2345978
2345922
2345846
2345604
2345586
2345574
2345425
2345387
2345353
2345315
2345296
2345271
2345131
2345072
2345046
2345005
2344887
2344829
2344816
2344809
2344609
2344485
2344434
2344416
2344396
2344377
2344342
2344296
2344287
2344285
2344185
2344121
2344001
2343985
2343965
2343861
2343840
2343820
2343786
2343759
2343702
2343700
2343698
2343674
2343560
2343456
2343400
2343381
2343336
2343334
2343164
2343146
2343053
2343036
2343024
2343015
2343007
2342989
2342893
2342868
2342834
2342791
2342757
2342727
2342702
2342609
2342544
2342500
2342447
2342444
2342423
2342375
2342355
2342322
2342297
2342253
2342240
2342155
2341979
2341885
2341871
2341865
2341755
2341728
2341727
2341717
2341605
2341553
2341453
2341434
2341431
2341428
2341418
2341335
2341333
2341310
2341276
2341184
2341177
2341125
2340968
2340903
2340849
2340781
2340649
2340539
2340538
2340529
2340469
2340463
2340461
2340388
2340376
2340344
2340295
2340227
2340207
2340129
2340103
2340102
2340078
2339864
2339834
2339778
2339700
2339666
2339577
2339521
2339492
2339464
2339379
2339366
2339328
2339321
2339242
2339233
2339218
2339198
2339177
2339175
2339090
2339082
2338988
2338933
2338922
2338885
2338753
2338725
2338656
2338615
2338571
2338508
2338500
2338473
2338430
2338412
2338410
2338408
2338313
2338299
2338228
2338200
2338144
2337991
2337985
2337879
2337846
2337728
2337716
2337649
2337641
2337593
2337578
2337507
2337476
2337464
2337326
2337279
2337135
2337036
2337025
2337012
2336863
2336738
2336604
2336577
2336497
2336468
2336392
2336329
2336318
2336294
2336277
2336199
2336194
2336165
2336148
2336135
2336127
2336040
2336000
2335941
2335874
2335852
2335848
2335806
2335795
2335743
2335598
2335561
2335391
2335328
2335138
2335137
2334900
2334866
2334852
2334763
2334751
2334536
2334490
2334444
2334314
2334287
2334270
2334248
2334241
2334237
2334124
2334122
2334108
2334004
2333965
2333816
2333666
2333620
2333564
2333493
2333480
2333405
2333340
2333309
2333169
2333092
2333074
2333040
2333022
2333015
2332969
2332887
2332875
2332865
2332858
2332853
2332851
2332836
2332794
2332616
2332590
2332581
2332440
2332386
2332353
2332337
2332293
2332223
2332046
2331960
2331913
2331901
2331868
2331862
2331723
2331651
2331550
2331481
2331398
2331283
2331253
2331215
2331162
2331136
2331124
2331115
2331067
2331044
2331028
2330975
2330945
2330858
2330835
2330793
2330748
2330675
2330520
2330502
2330490
2330483
2330336
2330147
2330097
2330083
2330052
2330005
2329797
2329769
2329661
2329551
2329469
2329393
2329284
2329099
2329056
2329040
2328937
2328913
2328896
2328884
2328801
2328738
2328658
2328646
2328600
2328495
2328309
2328235
2328181
2328165
2328153
2328148
2328133
2327977
2327964
2327900
2327856
2327849
2327847
2327845
2327746
2327734
2327702
2327672
2327629
2327606
2327583
2327545
2327253
2327239
2327231
2327204
2327122
2327009
2326913
2326834
2326808
2326742
2326735
2326651
2326529
2326516
2326511
2326486
2326480
2326474
2326385
2326360
2326356
2326334
2326212
2326196
2326180
2326178
2326176
2326125
2326090
2326072
2326051
2326046
2326040
2325771
2325769
2325746
2325647
2325646
2325467
2325464
2325457
2325453
2325452
2325378
2325215
2325201
2325197
2325176
2325175
2325067
2325028
2325002
2324885
2324878
2324847
2324745
2324718
2324701
2324691
2324676
2324628
2324551
2324547
2324540
2324430
2324414
2324291
2324267
2324263
2324190
2324121
2324118
2324041
2323988
2323986
2323961
2323918
2323867
2323724
2323714
2323576
2323393
2323387
2323366
2323337
2323243
2323223
2323206
2323201
2323015
2322935
2322923
2322904
2322858
2322783
2322773
2322765
2322718
2322706
2322692
2322670
2322631
2322597
2322518
2322471
2322448
2322436
2322434
2322429
2322318
2322317
2322296
2322201
2322050
2321866
2321818
2321795
2321760
2321755
2321694
2321683
2321603
2321584
2321583
2321559
2321473
2321453
2321340
2321302
2321171
2321170
2321154
2321085
2321004
2320997
2320888
2320865
2320862
2320780
2320759
2320681
2320672
2320629
2320585
2320457
2320437
2320422
2320419
2320416
2320379
2320354
2320286
2320285
2320228
2320151
2320150
2320104
2320023
2320017
2320013
2320003
2319979
2319943
2319846
2319843
2319831
2319826
2319663
2319660
2319516
2319435
2319387
2319282
2319230
2319156
2319142
2319079
2319073
2319014
2318920
2318857
2318826
2318805
2318785
2318783
2318779
2318630
2318597
2318563
2318503
2318385
2318360
2318337
2318325
2318305
2318298
2318297
2318235
2318227
2318111
2318079
2318001
2317853
2317803
2317798
2317780
2317761
2317671
2317657
2317651
2317519
2317479
2317348
2317215
2317200
2317195
2317110
2317097
2317086
2317079
2316976
2316972
2316927
2316838
2316815
2316784
2316544
2316533
2316428
2316424
2316382
2316296
2316238
2316199
2316080
2316063
2316049
2316029
2315978
2315940
2315928
2315913
2315890
2315886
2315775
2315495
2315478
2315416
2315409
2415018
2414915
2414861
2414858
2414829
2414675
2414616
2414567
2414557
2414485
2414433
2414395
2414380
2414371
2414370
2414289
2414264
2414180
2414111
2414083
2413990
2413978
2413974
2413933
2413807
2413761
2413712
2413690
2413652
2413440
2413415
2413363
2413359
2413341
2413261
2413249
2413200
2413111
2413071
2413067
2412953
2412930
2412758
2412752
2412655
2412652
2412553
2412482
2412458
2412289
2412127
2412035
2412011
2411838
2411725
2411682
2411564
2415230
2415312
2415336
2415342
2415447
2415460
2415467
2415497
2415660
2415664
2415704
2415776
2415789
2415840
2415898
2415947
2416087
2416088
2416113
2416137
2416200
2416255
2416298
2416359
2416391
2416432
2416614
2416664
2416683
2416712
2416768
2416780
2416826
2416832
2416834
2416853
2416874
2416901
2416949
2417082
2417172
2417206
2417475
2417478
2417501
2417628
2417672
2417681
2417953
2417974
2417986
